-7.106514215085948938e-02 6.734325555341068581e-01 2.759531915567963178e-01
5.937662334402482589e-01 -1.867890906301986897e-01 -4.627065925793267809e-01
-1.583620063043714943e+00 -5.215061333783030939e-01 -3.696213591261628961e-01
5.700405302249481609e-01 2.498318757372563481e-01 -3.483353819255011752e-01
2.283337601594593036e-01 -7.923609637764932045e-02 -6.730724859639467539e-01
-8.756248717062857789e-01 -6.490473144381989634e-01 -2.393796226969001073e-01
-5.664300710731010602e-01 1.436165481991643345e-01 -1.685317687074175119e-01
-1.835453046118283860e-01 -3.416886333020375255e-01 1.005538709765497973e+00
-6.313403401081123523e-01 -1.126655293856193119e+00 1.366674750991103693e+00
-1.368087730302120220e-01 4.623542527005784497e-01 1.181484838331613663e+00
-3.464075379352088979e-01 -7.253980668570192414e-01 -1.238742644381574110e+00
1.104499773987865474e+00 5.992816478254648915e-01 -1.806876387971349418e+00
-7.126521448180374030e-01 -8.454969672949007586e-01 1.085666501425469166e+00
1.541339260625792240e-01 -1.091018275023506012e+00 4.784528923434476222e-01
-2.436145321337913061e-01 8.583073282598647769e-01 6.549752208735223347e-01
5.260317056178085565e-02 7.763768641605479637e-01 -3.233810728155857989e-02
1.113585541203490070e+00 -2.171309395921493801e-01 -7.780853096727268214e-01
1.387223621279097152e+00 1.531642443880545656e-01 -1.176214664727082582e+00
6.039707798732820709e-01 3.461555507773902973e-01 1.950049015647510597e-01
3.695935273926160280e-01 -5.704007284314911441e-01 2.893782742491537441e-01
1.751562559006607511e+00 -1.114902733762804354e+00 -2.052952480098447552e+00
1.442105499278918845e+00 4.386829411499419684e-02 -5.859439177118115349e-01
-3.658290003313479088e-01 -5.816017522137045814e-01 3.120244542030549129e-01
2.644287215486466613e-01 -1.038378467757562040e+00 5.816845211641081814e-01
-1.390057887678340487e+00 4.862377783740887138e-01 1.553610271948126176e+00
-8.216780118219106643e-02 -5.797444454407212761e-02 1.050446870930814708e-01
4.895641255810757597e-01 5.809317764491813696e-01 -4.651881273312720166e-01
7.451839775487270057e-01 -4.451889220412155214e-03 -5.373098574349709500e-01
1.832031438324601413e-01 1.042832722450988819e-01 -1.147332085122988454e+00
-4.725216017216781750e-01 -7.816801936704264042e-01 4.141709605896363167e-01
1.475862306110554412e-01 7.997632366747866595e-01 -4.106143618405411755e-01
-4.628350351832041243e-01 5.489939955159454932e-02 8.233000563496000179e-01
-9.183751624613865072e-01 3.353907942849559953e-01 9.272580295953036789e-01
6.790706991746693344e-01 -8.188213975111522380e-01 -1.071544490481757678e-01
-1.770378315466524910e+00 -3.966722709815142522e-01 1.566109723044069479e+00
5.506687087639123845e-01 5.877699826622062584e-01 -1.487874502141327271e-01
4.180217463390310528e-01 6.381226592479519732e-01 -2.633753682290539411e-01
-6.253349090194586513e-01 2.490960810019530181e-01 -1.922149403436741733e-01
-1.171740110293373549e+00 1.144046710909302350e-01 -5.402960986176827962e-01
-7.718811132009333331e-01 3.430712785441809021e-01 -7.541904853800949216e-01
-6.351457324927162196e-01 -1.150148641218020629e+00 1.121909538413688789e+00
4.197481946560441823e-01 -6.101499726310711802e-01 5.976273564583324260e-01
4.733852321040998290e-01 -2.365924340185716901e-01 -2.274913070668799775e-01
-2.402608330112257773e-01 -4.987831024009892200e-01 -5.337185682043611434e-01
-2.731535283562920302e-01 2.264778471482375988e-02 1.052948094947000340e-01
-6.511774284690724501e-01 8.322701560013944233e-01 2.898912360028587654e-01
1.010190231120015936e+00 3.721249971619970953e-01 -1.218945769098412901e+00
-4.211629620317112188e-01 -2.795203509864220282e-01 6.161236178141932252e-01
-8.165687151227186968e-02 2.589625002701764767e-01 3.463642136552358974e-01
1.640736708181055992e+00 4.811866520860655361e-02 -1.817224226924981867e+00
4.295226199484022400e-01 4.555192096329637730e-01 7.609856356867805705e-01
-1.433246282591281284e+00 -8.089333234101506731e-01 6.115501391871831505e-01
-4.662599471516667982e-01 5.797450689123134770e-01 2.535113913953826459e-01
1.481857941178354121e+00 -2.789836471545187879e-01 -1.784086600528005828e+00
-5.774260761422082000e-01 -3.928258919777357083e-01 -8.262657005489638662e-01
4.126426466666347492e-01 1.227256350141005675e-01 3.538286824600578306e-01
1.825799761815176947e-01 -8.763253073307563090e-01 -8.065901348820284644e-01
2.716362140534535688e-02 -7.167277551681879855e-01 -1.198348861492800399e+00
1.131263348011916775e-01 2.852983948779119761e-01 8.531811163145298915e-02
2.870686693620767560e-01 -3.211682993098076144e-01 1.096678092316318853e+00
1.122302345926260436e+00 7.419662921922425165e-03 -1.107865413288938061e+00
-3.814619311859894502e-02 7.367717723018878395e-01 -2.535638078395470729e-01
9.132914294368607022e-01 6.446640789104900460e-01 -4.497034445319240126e-01
4.237241838018756535e-01 6.310910549729491503e-01 -6.911935482013186194e-01
1.615080821746112560e+00 -7.075289868143562755e-01 -3.010760365861330778e-01
1.201138074037227055e+00 -4.954223554726336909e-01 -1.532232452291132141e+00
4.434552805911126661e-01 6.431790070142197058e-01 4.682966543887582267e-01
2.553076086215277929e-01 7.867331064918138273e-01 3.648189728453651859e-02
-6.469211901949485366e-01 -2.697775686821359264e-01 -1.355116576284790264e-01
8.790045411775176953e-01 -4.514674697103138734e-01 1.020259929194924586e+00
4.723601934378641731e-01 -7.976341361160538268e-01 -1.210518076464857762e+00
-6.574398588773365804e-01 -8.579278399532941357e-01 7.207326606677064706e-01
-4.659162208794510041e-01 8.852517822551125848e-01 1.063587856119187824e+00
-5.701027842861191575e-01 -3.546292853957216940e-01 -3.966620432120038925e-02
1.729136203865837274e-01 4.686049825676766312e-01 -1.688069643889383853e-01
-5.191502332750561610e-01 -6.618180772743115226e-01 1.211159333583625264e+00
-1.284953538447258570e+00 4.249025895211942516e-01 -3.702282991237144105e-01
5.151895151472395407e-01 -4.631499463944031558e-01 8.188056345246466083e-01
-6.396472728916166028e-01 -7.903656127577758372e-01 6.423513316331592726e-01
6.241162299335399899e-01 -5.460685037694126276e-01 -1.378172711728668842e+00
-7.565725257056752362e-01 -9.085190473228849095e-01 -4.197478547151040629e-01
1.490753930410662731e+00 6.043884116519359084e-01 -1.696817218093783497e-01
-1.634165645966366431e-01 5.920493199924427019e-01 1.788823186548823829e-01
-6.963157944605269378e-02 -5.625991609896431322e-01 5.887525143846513709e-01
6.218912382477249229e-02 -1.189244800992137335e-01 -8.259516293761158812e-01
7.229900288773193351e-01 -4.141439803543744969e-01 -3.279162032839411101e-01
8.584034166938735444e-01 -6.814171234428981760e-01 -1.104203291491743677e+00
6.034937385852534586e-01 2.302412015981069315e-01 2.206612288166661384e-01
-5.933558035934732855e-01 5.761678205105159878e-02 3.650038809936851925e-01
-1.220817193725261651e+00 -9.514710729253055277e-01 1.735974247363407663e+00
3.071184749277876547e-01 3.555296291766951167e-01 -8.363481774687575587e-01
9.949702115881173814e-01 -2.742905382923973567e-01 -9.635995392141799565e-01
-9.806462327563110204e-01 -6.430676727838539053e-01 -5.467099826616297342e-01
-5.920767200324452695e-01 2.502416256445125220e-01 3.891510528254142898e-01
-1.103008133857146522e-01 -1.141152847708084561e+00 6.875251404317238579e-01
-2.054573170997062437e-01 -6.018232249206096895e-01 -4.289783694319678764e-01
-4.278966751750269415e-01 4.877880584989933155e-01 6.419989983863779726e-01
1.018656853181845623e+00 -3.751460688691747869e-01 2.439130781859100983e-01
2.756381286577274103e-01 5.694260947059933686e-01 -2.594933539115558130e-01
-2.971864531480402638e-01 4.004728583846233203e-01 -3.028894151815252345e-01
